 Shell#     R/Rsun       M/Msun       Cs               Rho
      1   0.00966995  0.00009549  5.07336876E+02  2.17300692E+00  7.19071282E+00
      2   0.00996425  0.00010448  5.07364837E+02  2.17279552E+00  7.19065986E+00
      3   0.01026702  0.00011429  5.07366913E+02  2.17261865E+00  7.19060385E+00
      4   0.01057845  0.00012500  5.07377889E+02  2.17241619E+00  7.19054451E+00
      5   0.01089870  0.00013668  5.07391800E+02  2.17219780E+00  7.19048161E+00
      6   0.01122796  0.00014942  5.07408289E+02  2.17196353E+00  7.19041493E+00
      7   0.01156637  0.00016331  5.07425766E+02  2.17171549E+00  7.19034425E+00
      8   0.01191411  0.00017845  5.07443583E+02  2.17145418E+00  7.19026939E+00
      9   0.01227132  0.00019494  5.07462397E+02  2.17117784E+00  7.19019018E+00
     10   0.01263814  0.00021288  5.07482275E+02  2.17088569E+00  7.19010641E+00
     11   0.01301471  0.00023241  5.07503216E+02  2.17057707E+00  7.19001786E+00
     12   0.01340113  0.00025364  5.07525264E+02  2.17025121E+00  7.18992432E+00
     13   0.01379752  0.00027671  5.07548487E+02  2.16990729E+00  7.18982555E+00
     14   0.01420396  0.00030177  5.07572926E+02  2.16954454E+00  7.18972132E+00
     15   0.01462054  0.00032896  5.07598620E+02  2.16916215E+00  7.18961141E+00
     16   0.01504729  0.00035843  5.07625594E+02  2.16875937E+00  7.18949556E+00
     17   0.01548427  0.00039037  5.07653924E+02  2.16833534E+00  7.18937355E+00
     18   0.01593147  0.00042494  5.07683608E+02  2.16788932E+00  7.18924514E+00
     19   0.01638890  0.00046233  5.07714694E+02  2.16742053E+00  7.18911010E+00
     20   0.01685651  0.00050272  5.07747228E+02  2.16692818E+00  7.18896818E+00
     21   0.01733425  0.00054632  5.07781222E+02  2.16641155E+00  7.18881918E+00
     22   0.01782203  0.00059332  5.07816713E+02  2.16586991E+00  7.18866286E+00
     23   0.01831974  0.00064395  5.07853725E+02  2.16530257E+00  7.18849903E+00
     24   0.01882723  0.00069841  5.07892263E+02  2.16470892E+00  7.18832747E+00
     25   0.01934432  0.00075692  5.07932355E+02  2.16408833E+00  7.18814800E+00
     26   0.01987083  0.00081970  5.07973994E+02  2.16344027E+00  7.18796045E+00
     27   0.02040650  0.00088699  5.08017187E+02  2.16276426E+00  7.18776465E+00
     28   0.02095108  0.00095899  5.08061933E+02  2.16205987E+00  7.18756048E+00
     29   0.02150429  0.00103594  5.08108217E+02  2.16132674E+00  7.18734779E+00
     30   0.02206580  0.00111807  5.08156021E+02  2.16056459E+00  7.18712650E+00
     31   0.02263527  0.00120558  5.08205323E+02  2.15977322E+00  7.18689651E+00
     32   0.02321235  0.00129869  5.08256089E+02  2.15895250E+00  7.18665777E+00
     33   0.02379663  0.00139761  5.08308286E+02  2.15810238E+00  7.18641025E+00
     34   0.02438772  0.00150254  5.08361865E+02  2.15722290E+00  7.18615392E+00
     35   0.02498519  0.00161367  5.08416775E+02  2.15631419E+00  7.18588880E+00
     36   0.02558861  0.00173119  5.08472962E+02  2.15537644E+00  7.18561492E+00
     37   0.02619752  0.00185525  5.08530359E+02  2.15440994E+00  7.18533233E+00
     38   0.02681149  0.00198603  5.08588900E+02  2.15341504E+00  7.18504112E+00
     39   0.02743004  0.00212366  5.08648510E+02  2.15239218E+00  7.18474138E+00
     40   0.02805273  0.00226828  5.08709110E+02  2.15134187E+00  7.18443323E+00
     41   0.02867909  0.00242001  5.08770621E+02  2.15026466E+00  7.18411681E+00
     42   0.02930868  0.00257894  5.08832954E+02  2.14916117E+00  7.18379227E+00
     43   0.02994104  0.00274517  5.08896021E+02  2.14803210E+00  7.18345979E+00
     44   0.03057575  0.00291877  5.08959734E+02  2.14687814E+00  7.18311954E+00
     45   0.03121239  0.00309981  5.09023999E+02  2.14570008E+00  7.18277172E+00
     46   0.03185055  0.00328832  5.09088723E+02  2.14449869E+00  7.18241654E+00
     47   0.03248983  0.00348435  5.09153815E+02  2.14327480E+00  7.18205421E+00
     48   0.03312987  0.00368791  5.09219179E+02  2.14202924E+00  7.18168495E+00
     49   0.03377031  0.00389902  5.09284724E+02  2.14076286E+00  7.18130899E+00
     50   0.03441082  0.00411766  5.09350359E+02  2.13947652E+00  7.18092656E+00
     51   0.03505108  0.00434383  5.09415993E+02  2.13817109E+00  7.18053788E+00
     52   0.03569079  0.00457751  5.09481539E+02  2.13684741E+00  7.18014319E+00
     53   0.03632968  0.00481866  5.09546910E+02  2.13550633E+00  7.17974272E+00
     54   0.03696750  0.00506724  5.09612025E+02  2.13414870E+00  7.17933668E+00
     55   0.03760401  0.00532320  5.09676802E+02  2.13277534E+00  7.17892532E+00
     56   0.03823899  0.00558650  5.09741163E+02  2.13138705E+00  7.17850884E+00
     57   0.03887226  0.00585706  5.09805034E+02  2.12998462E+00  7.17808746E+00
     58   0.03950363  0.00613484  5.09868343E+02  2.12856880E+00  7.17766139E+00
     59   0.04013295  0.00641975  5.09931021E+02  2.12714033E+00  7.17723083E+00
     60   0.04076007  0.00671173  5.09993004E+02  2.12569994E+00  7.17679598E+00
     61   0.04138486  0.00701071  5.10054239E+02  2.12424827E+00  7.17635703E+00
     62   0.04200722  0.00731660  5.10114702E+02  2.12278595E+00  7.17591416E+00
     63   0.04262704  0.00762934  5.10174338E+02  2.12131361E+00  7.17546754E+00
     64   0.04324425  0.00794883  5.10233094E+02  2.11983183E+00  7.17501735E+00
     65   0.04385876  0.00827500  5.10290922E+02  2.11834119E+00  7.17456374E+00
     66   0.04447053  0.00860778  5.10347778E+02  2.11684223E+00  7.17410687E+00
     67   0.04507949  0.00894707  5.10403621E+02  2.11533547E+00  7.17364688E+00
     68   0.04568562  0.00929280  5.10458410E+02  2.11382139E+00  7.17318391E+00
     69   0.04628888  0.00964490  5.10512108E+02  2.11230046E+00  7.17271809E+00
     70   0.04688924  0.01000328  5.10564682E+02  2.11077310E+00  7.17224955E+00
     71   0.04748671  0.01036787  5.10616099E+02  2.10923974E+00  7.17177840E+00
     72   0.04808126  0.01073859  5.10666329E+02  2.10770076E+00  7.17130476E+00
     73   0.04867290  0.01111537  5.10715343E+02  2.10615653E+00  7.17082873E+00
     74   0.04926163  0.01149813  5.10763117E+02  2.10460738E+00  7.17035040E+00
     75   0.04984746  0.01188681  5.10809626E+02  2.10305365E+00  7.16986988E+00
     76   0.05043042  0.01228134  5.10854847E+02  2.10149562E+00  7.16938725E+00
     77   0.05101051  0.01268166  5.10898760E+02  2.09993359E+00  7.16890259E+00
     78   0.05158776  0.01308769  5.10941345E+02  2.09836782E+00  7.16841599E+00
     79   0.05216220  0.01349937  5.10982585E+02  2.09679856E+00  7.16792750E+00
     80   0.05273386  0.01391665  5.11022462E+02  2.09522603E+00  7.16743720E+00
     81   0.05330276  0.01433947  5.11060962E+02  2.09365045E+00  7.16694516E+00
     82   0.05386896  0.01476776  5.11098071E+02  2.09207203E+00  7.16645142E+00
     83   0.05443247  0.01520149  5.11133774E+02  2.09049093E+00  7.16595605E+00
     84   0.05499334  0.01564059  5.11168062E+02  2.08890735E+00  7.16545910E+00
     85   0.05555161  0.01608501  5.11200921E+02  2.08732143E+00  7.16496062E+00
     86   0.05610733  0.01653472  5.11232342E+02  2.08573333E+00  7.16446064E+00
     87   0.05666053  0.01698965  5.11262316E+02  2.08414318E+00  7.16395921E+00
     88   0.05721125  0.01744978  5.11290833E+02  2.08255110E+00  7.16345637E+00
     89   0.05775955  0.01791505  5.11317886E+02  2.08095721E+00  7.16295216E+00
     90   0.05830547  0.01838543  5.11343467E+02  2.07936162E+00  7.16244660E+00
     91   0.05884906  0.01886089  5.11367569E+02  2.07776442E+00  7.16193972E+00
     92   0.05939035  0.01934137  5.11390185E+02  2.07616570E+00  7.16143155E+00
     93   0.05992940  0.01982686  5.11411310E+02  2.07456555E+00  7.16092212E+00
     94   0.06046625  0.02031732  5.11430939E+02  2.07296402E+00  7.16041144E+00
     95   0.06100096  0.02081272  5.11449066E+02  2.07136119E+00  7.15989954E+00
     96   0.06153356  0.02131302  5.11465686E+02  2.06975712E+00  7.15938644E+00
     97   0.06206410  0.02181822  5.11480796E+02  2.06815186E+00  7.15887216E+00
     98   0.06259263  0.02232827  5.11494390E+02  2.06654545E+00  7.15835669E+00
     99   0.06311921  0.02284315  5.11506465E+02  2.06493794E+00  7.15784007E+00
    100   0.06364386  0.02336285  5.11517017E+02  2.06332936E+00  7.15732230E+00
    101   0.06416664  0.02388735  5.11526044E+02  2.06171974E+00  7.15680340E+00
    102   0.06468760  0.02441661  5.11533540E+02  2.06010911E+00  7.15628336E+00
    103   0.06520678  0.02495064  5.11539504E+02  2.05849748E+00  7.15576219E+00
    104   0.06572423  0.02548941  5.11543933E+02  2.05688487E+00  7.15523991E+00
    105   0.06623999  0.02603290  5.11546823E+02  2.05527130E+00  7.15471652E+00
    106   0.06675410  0.02658111  5.11548171E+02  2.05365678E+00  7.15419201E+00
    107   0.06726661  0.02713402  5.11547976E+02  2.05204130E+00  7.15366640E+00
    108   0.06777757  0.02769163  5.11546234E+02  2.05042488E+00  7.15313968E+00
    109   0.06828701  0.02825392  5.11542942E+02  2.04880750E+00  7.15261185E+00
    110   0.06879498  0.02882088  5.11538098E+02  2.04718918E+00  7.15208291E+00
    111   0.06930152  0.02939251  5.11531699E+02  2.04556988E+00  7.15155286E+00
    112   0.06980667  0.02996881  5.11523743E+02  2.04394962E+00  7.15102170E+00
    113   0.07031048  0.03054978  5.11514227E+02  2.04232837E+00  7.15048942E+00
    114   0.07081299  0.03113539  5.11503148E+02  2.04070612E+00  7.14995602E+00
    115   0.07131423  0.03172567  5.11490504E+02  2.03908286E+00  7.14942149E+00
    116   0.07181424  0.03232060  5.11476292E+02  2.03745855E+00  7.14888583E+00
    117   0.07231308  0.03292019  5.11460508E+02  2.03583319E+00  7.14834903E+00
    118   0.07281077  0.03352444  5.11443151E+02  2.03420674E+00  7.14781108E+00
    119   0.07330735  0.03413334  5.11424217E+02  2.03257918E+00  7.14727198E+00
    120   0.07380286  0.03474692  5.11403703E+02  2.03095049E+00  7.14673172E+00
    121   0.07429735  0.03536516  5.11381606E+02  2.02932062E+00  7.14619028E+00
    122   0.07479084  0.03598808  5.11357923E+02  2.02768956E+00  7.14564766E+00
    123   0.07528339  0.03661569  5.11332650E+02  2.02605727E+00  7.14510384E+00
    124   0.07577501  0.03724799  5.11305783E+02  2.02442372E+00  7.14455883E+00
    125   0.07626575  0.03788498  5.11277320E+02  2.02278886E+00  7.14401259E+00
    126   0.07675565  0.03852669  5.11247257E+02  2.02115266E+00  7.14346513E+00
    127   0.07724473  0.03917313  5.11215590E+02  2.01951508E+00  7.14291643E+00
    128   0.07773305  0.03982429  5.11182314E+02  2.01787609E+00  7.14236647E+00
    129   0.07822062  0.04048021  5.11147426E+02  2.01623563E+00  7.14181525E+00
    130   0.07870749  0.04114088  5.11110921E+02  2.01459368E+00  7.14126275E+00
    131   0.07919369  0.04180633  5.11072795E+02  2.01295017E+00  7.14070895E+00
    132   0.07967925  0.04247658  5.11033044E+02  2.01130508E+00  7.14015385E+00
    133   0.08016421  0.04315163  5.10991662E+02  2.00965835E+00  7.13959741E+00
    134   0.08064861  0.04383151  5.10948646E+02  2.00800993E+00  7.13903964E+00
    135   0.08113246  0.04451623  5.10903989E+02  2.00635978E+00  7.13848051E+00
    136   0.08161582  0.04520582  5.10857687E+02  2.00470784E+00  7.13792000E+00
    137   0.08209870  0.04590030  5.10809734E+02  2.00305408E+00  7.13735811E+00
    138   0.08258115  0.04659968  5.10760126E+02  2.00139842E+00  7.13679481E+00
    139   0.08306319  0.04730400  5.10708859E+02  1.99974082E+00  7.13623010E+00
    140   0.08354486  0.04801326  5.10655920E+02  1.99808123E+00  7.13566394E+00
    141   0.08402618  0.04872751  5.10601301E+02  1.99641961E+00  7.13509633E+00
    142   0.08450720  0.04944675  5.10544996E+02  1.99475590E+00  7.13452724E+00
    143   0.08498793  0.05017103  5.10487000E+02  1.99309004E+00  7.13395666E+00
    144   0.08546842  0.05090036  5.10427305E+02  1.99142197E+00  7.13338456E+00
    145   0.08594869  0.05163477  5.10365905E+02  1.98975163E+00  7.13281093E+00
    146   0.08642878  0.05237429  5.10302794E+02  1.98807897E+00  7.13223575E+00
    147   0.08690870  0.05311896  5.10237964E+02  1.98640392E+00  7.13165900E+00
    148   0.08738851  0.05386879  5.10171408E+02  1.98472643E+00  7.13108064E+00
    149   0.08786821  0.05462383  5.10103119E+02  1.98304641E+00  7.13050068E+00
    150   0.08834785  0.05538411  5.10033085E+02  1.98136383E+00  7.12991907E+00
    151   0.08882746  0.05614966  5.09961290E+02  1.97967863E+00  7.12933581E+00
    152   0.08930706  0.05692051  5.09887725E+02  1.97799074E+00  7.12875086E+00
    153   0.08978669  0.05769670  5.09812381E+02  1.97630009E+00  7.12816420E+00
    154   0.09026637  0.05847827  5.09735251E+02  1.97460662E+00  7.12757582E+00
    155   0.09074614  0.05926525  5.09656326E+02  1.97291026E+00  7.12698569E+00
    156   0.09122602  0.06005768  5.09575597E+02  1.97121094E+00  7.12639378E+00
    157   0.09170604  0.06085560  5.09493055E+02  1.96950859E+00  7.12580006E+00
    158   0.09218624  0.06165906  5.09408691E+02  1.96780313E+00  7.12520453E+00
    159   0.09266664  0.06246808  5.09322495E+02  1.96609449E+00  7.12460714E+00
    160   0.09314727  0.06328272  5.09234458E+02  1.96438260E+00  7.12400787E+00
    161   0.09362816  0.06410302  5.09144570E+02  1.96266738E+00  7.12340670E+00
    162   0.09410935  0.06492902  5.09052820E+02  1.96094875E+00  7.12280361E+00
    163   0.09459085  0.06576077  5.08959198E+02  1.95922664E+00  7.12219856E+00
    164   0.09507271  0.06659832  5.08863694E+02  1.95750097E+00  7.12159152E+00
    165   0.09555495  0.06744171  5.08766295E+02  1.95577166E+00  7.12098247E+00
    166   0.09603759  0.06829099  5.08666991E+02  1.95403863E+00  7.12037139E+00
    167   0.09652068  0.06914621  5.08565770E+02  1.95230180E+00  7.11975823E+00
    168   0.09700423  0.07000742  5.08462620E+02  1.95056107E+00  7.11914298E+00
    169   0.09748829  0.07087468  5.08357529E+02  1.94881638E+00  7.11852560E+00
    170   0.09797287  0.07174803  5.08250484E+02  1.94706762E+00  7.11790607E+00
    171   0.09845802  0.07262754  5.08141473E+02  1.94531472E+00  7.11728434E+00
    172   0.09894375  0.07351326  5.08030483E+02  1.94355759E+00  7.11666040E+00
    173   0.09943011  0.07440524  5.07917499E+02  1.94179613E+00  7.11603421E+00
    174   0.09991711  0.07530355  5.07802509E+02  1.94003026E+00  7.11540574E+00
    175   0.10040479  0.07620824  5.07685498E+02  1.93825988E+00  7.11477495E+00
    176   0.10089319  0.07711937  5.07566451E+02  1.93648490E+00  7.11414181E+00
    177   0.10138233  0.07803702  5.07445355E+02  1.93470522E+00  7.11350629E+00
    178   0.10187224  0.07896123  5.07322193E+02  1.93292074E+00  7.11286835E+00
    179   0.10236296  0.07989207  5.07196951E+02  1.93113138E+00  7.11222796E+00
    180   0.10285452  0.08082962  5.07069613E+02  1.92933702E+00  7.11158509E+00
    181   0.10334694  0.08177394  5.06940162E+02  1.92753756E+00  7.11093969E+00
    182   0.10384027  0.08272510  5.06808582E+02  1.92573291E+00  7.11029173E+00
    183   0.10433452  0.08368316  5.06674856E+02  1.92392296E+00  7.10964118E+00
    184   0.10482974  0.08464821  5.06538967E+02  1.92210759E+00  7.10898799E+00
    185   0.10532596  0.08562032  5.06400897E+02  1.92028671E+00  7.10833213E+00
    186   0.10582321  0.08659955  5.06260628E+02  1.91846019E+00  7.10767356E+00
    187   0.10632153  0.08758599  5.06118142E+02  1.91662794E+00  7.10701223E+00
    188   0.10682094  0.08857972  5.05973420E+02  1.91478983E+00  7.10634812E+00
    189   0.10732149  0.08958081  5.05826442E+02  1.91294574E+00  7.10568116E+00
    190   0.10782320  0.09058935  5.05677188E+02  1.91109557E+00  7.10501133E+00
    191   0.10832611  0.09160542  5.05525639E+02  1.90923919E+00  7.10433859E+00
    192   0.10883025  0.09262911  5.05371774E+02  1.90737647E+00  7.10366288E+00
    193   0.10933567  0.09366051  5.05215571E+02  1.90550730E+00  7.10298416E+00
    194   0.10984239  0.09469969  5.05057010E+02  1.90363155E+00  7.10230239E+00
    195   0.11035046  0.09574677  5.04896068E+02  1.90174908E+00  7.10161753E+00
    196   0.11085991  0.09680182  5.04732723E+02  1.89985976E+00  7.10092952E+00
    197   0.11137077  0.09786494  5.04566950E+02  1.89796347E+00  7.10023831E+00
    198   0.11188309  0.09893623  5.04398732E+02  1.89606006E+00  7.09954388E+00
    199   0.11239690  0.10001579  5.04228052E+02  1.89414937E+00  7.09884619E+00
    200   0.11291224  0.10110371  5.04054888E+02  1.89223126E+00  7.09814520E+00
    201   0.11342915  0.10220011  5.03879216E+02  1.89030559E+00  7.09744085E+00
    202   0.11394766  0.10330509  5.03701012E+02  1.88837220E+00  7.09673310E+00
    203   0.11446783  0.10441875  5.03520251E+02  1.88643094E+00  7.09602189E+00
    204   0.11498969  0.10554121  5.03336906E+02  1.88448167E+00  7.09530717E+00
    205   0.11551327  0.10667258  5.03150952E+02  1.88252421E+00  7.09458888E+00
    206   0.11603863  0.10781296  5.02962361E+02  1.88055842E+00  7.09386697E+00
    207   0.11656580  0.10896249  5.02771105E+02  1.87858413E+00  7.09314139E+00
    208   0.11709483  0.11012127  5.02577156E+02  1.87660117E+00  7.09241207E+00
    209   0.11762576  0.11128944  5.02380485E+02  1.87460938E+00  7.09167896E+00
    210   0.11815864  0.11246711  5.02181053E+02  1.87260859E+00  7.09094199E+00
    211   0.11869351  0.11365441  5.01978827E+02  1.87059865E+00  7.09020111E+00
    212   0.11923041  0.11485148  5.01773776E+02  1.86857936E+00  7.08945626E+00
    213   0.11976939  0.11605845  5.01565868E+02  1.86655054E+00  7.08870736E+00
    214   0.12031051  0.11727545  5.01355070E+02  1.86451201E+00  7.08795436E+00
    215   0.12085380  0.11850262  5.01141348E+02  1.86246358E+00  7.08719718E+00
    216   0.12139932  0.11974011  5.00924669E+02  1.86040504E+00  7.08643577E+00
    217   0.12194712  0.12098807  5.00704997E+02  1.85833621E+00  7.08567005E+00
    218   0.12249724  0.12224663  5.00482297E+02  1.85625687E+00  7.08489995E+00
    219   0.12304974  0.12351596  5.00256532E+02  1.85416681E+00  7.08412540E+00
    220   0.12360468  0.12479620  5.00027665E+02  1.85206583E+00  7.08334633E+00
    221   0.12416209  0.12608752  4.99795657E+02  1.84995370E+00  7.08256266E+00
    222   0.12472205  0.12739009  4.99560470E+02  1.84783020E+00  7.08177431E+00
    223   0.12528460  0.12870406  4.99322063E+02  1.84569510E+00  7.08098121E+00
    224   0.12584981  0.13002962  4.99080337E+02  1.84354816E+00  7.08018328E+00
    225   0.12641772  0.13136692  4.98835284E+02  1.84138916E+00  7.07938043E+00
    226   0.12698840  0.13271616  4.98586881E+02  1.83921785E+00  7.07857258E+00
    227   0.12756191  0.13407751  4.98335072E+02  1.83703399E+00  7.07775965E+00
    228   0.12813830  0.13545117  4.98079811E+02  1.83483735E+00  7.07694154E+00
    229   0.12871765  0.13683732  4.97821055E+02  1.83262764E+00  7.07611818E+00
    230   0.12930001  0.13823615  4.97558757E+02  1.83040461E+00  7.07528947E+00
    231   0.12988545  0.13964788  4.97292869E+02  1.82816798E+00  7.07445531E+00
    232   0.13047404  0.14107270  4.97023344E+02  1.82591746E+00  7.07361562E+00
    233   0.13106585  0.14251082  4.96750131E+02  1.82365277E+00  7.07277029E+00
    234   0.13166093  0.14396246  4.96473181E+02  1.82137362E+00  7.07191922E+00
    235   0.13225937  0.14542784  4.96192441E+02  1.81907969E+00  7.07106232E+00
    236   0.13286123  0.14690717  4.95907859E+02  1.81677068E+00  7.07019948E+00
    237   0.13346659  0.14840070  4.95619381E+02  1.81444628E+00  7.06933059E+00
    238   0.13407552  0.14990865  4.95326952E+02  1.81210616E+00  7.06845555E+00
    239   0.13468810  0.15143127  4.95030515E+02  1.80974999E+00  7.06757424E+00
    240   0.13530441  0.15296880  4.94730012E+02  1.80737742E+00  7.06668656E+00
    241   0.13592452  0.15452148  4.94425386E+02  1.80498811E+00  7.06579239E+00
    242   0.13654852  0.15608958  4.94116576E+02  1.80258171E+00  7.06489161E+00
    243   0.13717649  0.15767336  4.93803522E+02  1.80015785E+00  7.06398411E+00
    244   0.13780850  0.15927308  4.93486160E+02  1.79771616E+00  7.06306975E+00
    245   0.13844466  0.16088901  4.93164429E+02  1.79525626E+00  7.06214842E+00
    246   0.13908505  0.16252144  4.92838263E+02  1.79277775E+00  7.06121999E+00
    247   0.13972974  0.16417064  4.92507597E+02  1.79028024E+00  7.06028432E+00
    248   0.14037884  0.16583691  4.92172363E+02  1.78776332E+00  7.05934130E+00
    249   0.14103244  0.16752055  4.91832494E+02  1.78522657E+00  7.05839078E+00
    250   0.14169064  0.16922185  4.91487920E+02  1.78266955E+00  7.05743262E+00
    251   0.14235352  0.17094113  4.91138571E+02  1.78009184E+00  7.05646668E+00
    252   0.14302119  0.17267870  4.90784373E+02  1.77749297E+00  7.05549283E+00
    253   0.14369375  0.17443489  4.90425254E+02  1.77487248E+00  7.05451090E+00
    254   0.14437130  0.17621003  4.90061138E+02  1.77222990E+00  7.05352076E+00
    255   0.14505395  0.17800446  4.89691948E+02  1.76956473E+00  7.05252224E+00
    256   0.14574180  0.17981853  4.89317604E+02  1.76687647E+00  7.05151519E+00
    257   0.14643498  0.18165259  4.88938027E+02  1.76416461E+00  7.05049944E+00
    258   0.14713360  0.18350702  4.88553132E+02  1.76142860E+00  7.04947483E+00
    259   0.14783776  0.18538220  4.88162833E+02  1.75866789E+00  7.04844118E+00
    260   0.14854761  0.18727851  4.87767044E+02  1.75588192E+00  7.04739832E+00
    261   0.14926325  0.18919635  4.87365672E+02  1.75307010E+00  7.04634605E+00
    262   0.14998483  0.19113614  4.86958624E+02  1.75023182E+00  7.04528419E+00
    263   0.15071248  0.19309831  4.86545794E+02  1.74736646E+00  7.04421255E+00
    264   0.15144633  0.19508330  4.86127070E+02  1.74447341E+00  7.04313092E+00
    265   0.15218653  0.19709156  4.85702348E+02  1.74155199E+00  7.04203910E+00
    266   0.15293324  0.19912356  4.85271516E+02  1.73860150E+00  7.04093685E+00
    267   0.15368660  0.20117980  4.84834441E+02  1.73562127E+00  7.03982397E+00
    268   0.15444678  0.20326076  4.84391002E+02  1.73261053E+00  7.03870021E+00
    269   0.15521394  0.20536699  4.83941076E+02  1.72956853E+00  7.03756533E+00
    270   0.15598825  0.20749901  4.83484539E+02  1.72649444E+00  7.03641910E+00
    271   0.15676989  0.20965738  4.83021261E+02  1.72338745E+00  7.03526123E+00
    272   0.15755906  0.21184267  4.82551106E+02  1.72024667E+00  7.03409148E+00
    273   0.15835593  0.21405550  4.82073932E+02  1.71707121E+00  7.03290956E+00
    274   0.15916072  0.21629646  4.81589593E+02  1.71386014E+00  7.03171518E+00
    275   0.15997361  0.21856621  4.81097937E+02  1.71061251E+00  7.03050804E+00
    276   0.16079484  0.22086539  4.80598807E+02  1.70732729E+00  7.02928785E+00
    277   0.16162462  0.22319470  4.80092040E+02  1.70400348E+00  7.02805427E+00
    278   0.16246317  0.22555483  4.79577465E+02  1.70063997E+00  7.02680699E+00
    279   0.16331074  0.22794650  4.79054909E+02  1.69723568E+00  7.02554566E+00
    280   0.16416756  0.23037047  4.78524190E+02  1.69378944E+00  7.02426994E+00
    281   0.16503390  0.23282751  4.77985123E+02  1.69030007E+00  7.02297947E+00
    282   0.16591000  0.23531840  4.77437515E+02  1.68676633E+00  7.02167386E+00
    283   0.16679615  0.23784397  4.76881168E+02  1.68318695E+00  7.02035275E+00
    284   0.16769260  0.24040505  4.76315879E+02  1.67956062E+00  7.01901574E+00
    285   0.16859966  0.24300251  4.75741439E+02  1.67588596E+00  7.01766242E+00
    286   0.16951761  0.24563722  4.75157635E+02  1.67216157E+00  7.01629239E+00
    287   0.17044675  0.24831010  4.74564246E+02  1.66838600E+00  7.01490521E+00
    288   0.17138739  0.25102207  4.73961049E+02  1.66455775E+00  7.01350045E+00
    289   0.17233985  0.25377408  4.73347814E+02  1.66067527E+00  7.01207767E+00
    290   0.17330447  0.25656711  4.72724308E+02  1.65673697E+00  7.01063640E+00
    291   0.17428156  0.25940214  4.72090293E+02  1.65274119E+00  7.00917619E+00
    292   0.17527149  0.26228018  4.71445526E+02  1.64868624E+00  7.00769655E+00
    293   0.17627459  0.26520228  4.70789762E+02  1.64457037E+00  7.00619699E+00
    294   0.17729123  0.26816947  4.70122750E+02  1.64039178E+00  7.00467703E+00
    295   0.17832178  0.27118283  4.69444235E+02  1.63614861E+00  7.00313614E+00
    296   0.17936662  0.27424346  4.68753959E+02  1.63183894E+00  7.00157382E+00
    297   0.18042614  0.27735245  4.68051662E+02  1.62746080E+00  6.99998953E+00
    298   0.18150073  0.28051093  4.67337040E+02  1.62301222E+00  6.99838272E+00
    299   0.18259080  0.28372005  4.66609752E+02  1.61849126E+00  6.99675282E+00
    300   0.18369678  0.28698095  4.65869521E+02  1.61389577E+00  6.99509927E+00
    301   0.18481907  0.29029482  4.65116081E+02  1.60922353E+00  6.99342149E+00
    302   0.18595812  0.29366283  4.64349159E+02  1.60447226E+00  6.99171892E+00
    303   0.18711438  0.29708619  4.63568485E+02  1.59963961E+00  6.98999097E+00
    304   0.18828829  0.30056610  4.62773783E+02  1.59472316E+00  6.98823702E+00
    305   0.18948033  0.30410379  4.61964778E+02  1.58972042E+00  6.98645649E+00
    306   0.19069097  0.30770047  4.61141192E+02  1.58462885E+00  6.98464875E+00
    307   0.19192068  0.31135738  4.60302748E+02  1.57944582E+00  6.98281318E+00
    308   0.19316998  0.31507576  4.59449167E+02  1.57416865E+00  6.98094916E+00
    309   0.19443935  0.31885682  4.58580172E+02  1.56879459E+00  6.97905604E+00
    310   0.19572931  0.32270179  4.57695484E+02  1.56332082E+00  6.97713320E+00
    311   0.19704037  0.32661189  4.56794831E+02  1.55774446E+00  6.97517999E+00
    312   0.19837307  0.33058832  4.55877940E+02  1.55206257E+00  6.97319576E+00
    313   0.19972793  0.33463225  4.54944544E+02  1.54627217E+00  6.97117988E+00
    314   0.20110549  0.33874483  4.53994381E+02  1.54037021E+00  6.96913172E+00
    315   0.20250630  0.34292718  4.53027196E+02  1.53435359E+00  6.96705062E+00
    316   0.20393088  0.34718038  4.52042742E+02  1.52821918E+00  6.96493599E+00
    317   0.20537979  0.35150544  4.51040782E+02  1.52196383E+00  6.96278719E+00
    318   0.20685356  0.35590332  4.50021092E+02  1.51558435E+00  6.96060364E+00
    319   0.20835273  0.36037494  4.48983462E+02  1.50907753E+00  6.95838475E+00
    320   0.20987784  0.36492109  4.47927698E+02  1.50244017E+00  6.95612996E+00
    321   0.21142940  0.36954251  4.46853596E+02  1.49566913E+00  6.95383876E+00
    322   0.21300793  0.37423981  4.45760852E+02  1.48876151E+00  6.95151064E+00
    323   0.21461392  0.37901350  4.44649308E+02  1.48171420E+00  6.94914513E+00
    324   0.21624786  0.38386397  4.43518869E+02  1.47452409E+00  6.94674181E+00
    325   0.21791020  0.38879144  4.42369468E+02  1.46718815E+00  6.94430031E+00
    326   0.21960138  0.39379601  4.41201072E+02  1.45970341E+00  6.94182031E+00
    327   0.22132180  0.39887758  4.40013678E+02  1.45206701E+00  6.93930153E+00
    328   0.22307185  0.40403589  4.38807321E+02  1.44427625E+00  6.93674377E+00
    329   0.22485186  0.40927050  4.37582073E+02  1.43632852E+00  6.93414690E+00
    330   0.22666213  0.41458072  4.36338049E+02  1.42822143E+00  6.93151083E+00
    331   0.22850293  0.41996569  4.35075405E+02  1.41995275E+00  6.92883560E+00
    332   0.23037448  0.42542428  4.33794341E+02  1.41152047E+00  6.92612128E+00
    333   0.23227693  0.43095515  4.32495106E+02  1.40292283E+00  6.92336807E+00
    334   0.23421040  0.43655670  4.31177995E+02  1.39415833E+00  6.92057624E+00
    335   0.23617495  0.44222707  4.29843351E+02  1.38522572E+00  6.91774615E+00
    336   0.23817057  0.44796416  4.28491567E+02  1.37612409E+00  6.91487826E+00
    337   0.24019720  0.45376560  4.27123002E+02  1.36685302E+00  6.91197313E+00
    338   0.24225471  0.45962877  4.25738028E+02  1.35741248E+00  6.90903142E+00
    339   0.24434294  0.46555083  4.24337196E+02  1.34780248E+00  6.90605384E+00
    340   0.24646165  0.47152874  4.22921090E+02  1.33802326E+00  6.90304123E+00
    341   0.24861058  0.47755929  4.21490280E+02  1.32807532E+00  6.89999441E+00
    342   0.25078949  0.48363925  4.20045190E+02  1.31795957E+00  6.89691376E+00
    343   0.25299814  0.48976541  4.18586239E+02  1.30767676E+00  6.89379952E+00
    344   0.25523642  0.49593478  4.17113944E+02  1.29722704E+00  6.89065233E+00
    345   0.25750432  0.50214468  4.15628766E+02  1.28660985E+00  6.88747261E+00
    346   0.25980207  0.50839296  4.14131016E+02  1.27582375E+00  6.88426050E+00
    347   0.26213014  0.51467811  4.12620959E+02  1.26486587E+00  6.88101578E+00
    348   0.26448921  0.52099900  4.11098752E+02  1.25373250E+00  6.87773802E+00
    349   0.26688005  0.52735473  4.09564468E+02  1.24241944E+00  6.87442662E+00
    350   0.26930360  0.53374461  4.08018015E+02  1.23092214E+00  6.87108087E+00
    351   0.27176069  0.54016769  4.06459639E+02  1.21923570E+00  6.86770014E+00
    352   0.27425197  0.54662225  4.04889801E+02  1.20735633E+00  6.86428417E+00
    353   0.27677758  0.55310529  4.03309264E+02  1.19528253E+00  6.86083340E+00
    354   0.27933700  0.55961201  4.01719121E+02  1.18301634E+00  6.85734918E+00
    355   0.28192889  0.56613559  4.00120872E+02  1.17056406E+00  6.85383397E+00
    356   0.28455198  0.57266953  3.98515936E+02  1.15793178E+00  6.85029010E+00
    357   0.28720455  0.57920625  3.96905931E+02  1.14512818E+00  6.84672053E+00
    358   0.28988404  0.58573643  3.95292716E+02  1.13216645E+00  6.84312925E+00
    359   0.29258808  0.59225148  3.93677948E+02  1.11905917E+00  6.83951993E+00
    360   0.29531439  0.59874327  3.92062886E+02  1.10581941E+00  6.83589608E+00
    361   0.29806089  0.60520455  3.90448853E+02  1.09245871E+00  6.83226084E+00
    362   0.30082580  0.61162897  3.88837014E+02  1.07898724E+00  6.82861693E+00
    363   0.30360763  0.61801112  3.87228326E+02  1.06541386E+00  6.82496661E+00
    364   0.30640513  0.62434643  3.85623572E+02  1.05174612E+00  6.82131177E+00
    365   0.30921733  0.63063110  3.84023394E+02  1.03799041E+00  6.81765394E+00
    366   0.31204343  0.63686193  3.82428313E+02  1.02415213E+00  6.81399434E+00
    367   0.31488281  0.64303626  3.80838757E+02  1.01023588E+00  6.81033396E+00
    368   0.31773497  0.64915182  3.79255060E+02  9.96245668E-01  6.80667361E+00
    369   0.32059951  0.65520672  3.77677266E+02  9.82185619E-01  6.80301393E+00
    370   0.32347612  0.66119931  3.76105553E+02  9.68058951E-01  6.79935539E+00
    371   0.32636453  0.66712823  3.74540087E+02  9.53868462E-01  6.79569813E+00
    372   0.32926454  0.67299227  3.72981002E+02  9.39616702E-01  6.79204225E+00
    373   0.33217598  0.67879041  3.71428459E+02  9.25305897E-01  6.78838802E+00
    374   0.33509871  0.68452178  3.69882596E+02  9.10938119E-01  6.78473564E+00
    375   0.33803263  0.69018565  3.68343530E+02  8.96515314E-01  6.78108527E+00
    376   0.34097766  0.69578138  3.66811364E+02  8.82039321E-01  6.77743702E+00
    377   0.34393372  0.70130846  3.65286191E+02  8.67511851E-01  6.77379099E+00
    378   0.34690076  0.70676646  3.63767875E+02  8.52935216E-01  6.77014722E+00
    379   0.34987876  0.71215506  3.62256523E+02  8.38311008E-01  6.76650576E+00
    380   0.35286768  0.71747400  3.60752223E+02  8.23640655E-01  6.76286659E+00
    381   0.35586751  0.72272311  3.59254987E+02  8.08925545E-01  6.75922972E+00
    382   0.35887825  0.72790227  3.57764760E+02  7.94167039E-01  6.75559508E+00
    383   0.36189990  0.73301146  3.56281439E+02  7.79366462E-01  6.75196264E+00
    384   0.36493248  0.73805069  3.54804893E+02  7.64525112E-01  6.74833232E+00
    385   0.36797601  0.74302003  3.53334987E+02  7.49644257E-01  6.74470401E+00
    386   0.37103051  0.74791962  3.51871399E+02  7.34725653E-01  6.74107763E+00
    387   0.37409603  0.75274964  3.50414020E+02  7.19770740E-01  6.73745304E+00
    388   0.37717258  0.75751031  3.48963066E+02  7.04780288E-01  6.73383011E+00
    389   0.38026022  0.76220188  3.47518681E+02  6.89755250E-01  6.73020872E+00
    390   0.38335898  0.76682468  3.46080987E+02  6.74696496E-01  6.72658883E+00
    391   0.38646891  0.77137903  3.44650040E+02  6.59604912E-01  6.72297041E+00
    392   0.38959008  0.77586531  3.43225810E+02  6.44481438E-01  6.71935331E+00
    393   0.39272254  0.78028393  3.41808221E+02  6.29327009E-01  6.71573739E+00
    394   0.39586634  0.78463532  3.40397060E+02  6.14142808E-01  6.71212251E+00
    395   0.39902154  0.78891994  3.38991959E+02  5.98930361E-01  6.70850851E+00
    396   0.40218820  0.79313827  3.37592865E+02  5.83690425E-01  6.70489522E+00
    397   0.40536637  0.79729082  3.36199740E+02  5.68423714E-01  6.70128247E+00
    398   0.40855611  0.80137812  3.34812575E+02  5.53130876E-01  6.69767015E+00
    399   0.41175749  0.80540070  3.33431442E+02  5.37812288E-01  6.69405819E+00
    400   0.41497057  0.80935914  3.32056317E+02  5.22468595E-01  6.69044644E+00
    401   0.41819541  0.81325400  3.30687130E+02  5.07100552E-01  6.68683470E+00
    402   0.42143208  0.81708589  3.29323741E+02  4.91709065E-01  6.68322280E+00
    403   0.42468064  0.82085541  3.27965805E+02  4.76295571E-01  6.67961051E+00
    404   0.42794114  0.82456317  3.26613251E+02  4.60860748E-01  6.67599765E+00
    405   0.43121364  0.82820980  3.25266036E+02  4.45405177E-01  6.67238400E+00
    406   0.43449819  0.83179593  3.23924109E+02  4.29929457E-01  6.66876934E+00
    407   0.43779478  0.83532214  3.22587437E+02  4.14434527E-01  6.66515352E+00
    408   0.44110343  0.83878904  3.21255963E+02  3.98921174E-01  6.66153635E+00
    409   0.44442420  0.84219732  3.19929602E+02  3.83389979E-01  6.65791760E+00
    410   0.44775714  0.84554764  3.18608224E+02  3.67841643E-01  6.65429700E+00
    411   0.45110231  0.84884068  3.17291524E+02  3.52277327E-01  6.65067429E+00
    412   0.45445977  0.85207714  3.15979508E+02  3.36697294E-01  6.64704922E+00
    413   0.45782955  0.85525769  3.14672117E+02  3.21102031E-01  6.64342151E+00
    414   0.46121170  0.85838302  3.13369275E+02  3.05492071E-01  6.63979089E+00
    415   0.46460626  0.86145382  3.12070899E+02  2.89867968E-01  6.63615707E+00
    416   0.46801327  0.86447076  3.10776900E+02  2.74230292E-01  6.63251976E+00
    417   0.47143276  0.86743454  3.09487182E+02  2.58579632E-01  6.62887867E+00
    418   0.47486476  0.87034584  3.08201608E+02  2.42916690E-01  6.62523350E+00
    419   0.47830930  0.87320535  3.06919837E+02  2.27242736E-01  6.62158392E+00
    420   0.48176638  0.87601373  3.05641772E+02  2.11558375E-01  6.61792961E+00
    421   0.48523602  0.87877168  3.04367348E+02  1.95864098E-01  6.61427023E+00
    422   0.48871822  0.88147987  3.03096484E+02  1.80160427E-01  6.61060543E+00
    423   0.49221298  0.88413897  3.01829085E+02  1.64447915E-01  6.60693486E+00
    424   0.49572031  0.88674966  3.00565044E+02  1.48727141E-01  6.60325814E+00
    425   0.49924019  0.88931260  2.99304272E+02  1.32998611E-01  6.59957484E+00
    426   0.50277262  0.89182846  2.98046620E+02  1.17262976E-01  6.59588413E+00
    427   0.50631756  0.89429789  2.96791644E+02  1.01521824E-01  6.59218522E+00
    428   0.50987500  0.89672156  2.95539210E+02  8.57758713E-02  6.58847763E+00
    429   0.51344488  0.89910012  2.94289219E+02  7.00257353E-02  6.58476087E+00
    430   0.51702716  0.90143420  2.93041559E+02  5.42720673E-02  6.58103444E+00
    431   0.52062180  0.90372446  2.91796106E+02  3.85155487E-02  6.57729780E+00
    432   0.52422872  0.90597154  2.90552728E+02  2.27568887E-02  6.57355043E+00
    433   0.52784788  0.90817606  2.89311280E+02  6.99682185E-03  6.56979176E+00
    434   0.53147918  0.91033865  2.88071566E+02 -8.76375659E-03  6.56602120E+00
    435   0.53512255  0.91245994  2.86833229E+02 -2.45234773E-02  6.56223816E+00
    436   0.53877789  0.91454054  2.85596127E+02 -4.02816160E-02  6.55844200E+00
    437   0.54244509  0.91658106  2.84360137E+02 -5.60375006E-02  6.55463208E+00
    438   0.54612403  0.91858211  2.83125123E+02 -7.17904189E-02  6.55080771E+00
    439   0.54981461  0.92054428  2.81890938E+02 -8.75396199E-02  6.54696820E+00
    440   0.55351668  0.92246817  2.80657434E+02 -1.03284336E-01  6.54311281E+00
    441   0.55723011  0.92435437  2.79424560E+02 -1.19024195E-01  6.53924078E+00
    442   0.56095475  0.92620345  2.78192133E+02 -1.34758315E-01  6.53535130E+00
    443   0.56469043  0.92801599  2.76959793E+02 -1.50485192E-01  6.53144355E+00
    444   0.56843700  0.92979256  2.75727386E+02 -1.66203933E-01  6.52751664E+00
    445   0.57219425  0.93153371  2.74494760E+02 -1.81913656E-01  6.52356967E+00
    446   0.57596200  0.93324002  2.73261740E+02 -1.97613424E-01  6.51960166E+00
    447   0.57974004  0.93491201  2.72028129E+02 -2.13302246E-01  6.51561161E+00
    448   0.58352814  0.93655025  2.70793709E+02 -2.28979071E-01  6.51159845E+00
    449   0.58732607  0.93815526  2.69558243E+02 -2.44642790E-01  6.50756106E+00
    450   0.59113359  0.93972757  2.68321422E+02 -2.60292049E-01  6.50349827E+00
    451   0.59495041  0.94126772  2.67082841E+02 -2.75925145E-01  6.49940888E+00
    452   0.59877627  0.94277620  2.65842363E+02 -2.91541234E-01  6.49529203E+00
    453   0.60261086  0.94425354  2.64599834E+02 -3.07139397E-01  6.49114674E+00
    454   0.60645388  0.94570024  2.63354979E+02 -3.22718318E-01  6.48697157E+00
    455   0.61030499  0.94711680  2.62107495E+02 -3.38276557E-01  6.48276501E+00
    456   0.61416385  0.94850370  2.60857049E+02 -3.53812551E-01  6.47852542E+00
    457   0.61803010  0.94986144  2.59603312E+02 -3.69324738E-01  6.47425105E+00
    458   0.62190335  0.95119048  2.58345938E+02 -3.84811566E-01  6.46993999E+00
    459   0.62578317  0.95249130  2.57084330E+02 -4.00270323E-01  6.46559025E+00
    460   0.62966923  0.95376440  2.55817997E+02 -4.15699264E-01  6.46119946E+00
    461   0.63356063  0.95501009  2.54546586E+02 -4.31094195E-01  6.45676576E+00
    462   0.63745862  0.95622938  2.53268940E+02 -4.46459431E-01  6.45228451E+00
    463   0.64135539  0.95742047  2.51986825E+02 -4.61763494E-01  6.44776129E+00
    464   0.64527558  0.95859137  2.50691125E+02 -4.77101609E-01  6.44316349E+00
    465   0.64627327  0.95888508  2.50360350E+02 -4.80995719E-01  6.44198548E+00
    466   0.64725809  0.95917332  2.50033385E+02 -4.84835809E-01  6.44081933E+00
    467   0.64824306  0.95945994  2.49705902E+02 -4.88672724E-01  6.43964961E+00
    468   0.64922817  0.95974494  2.49377892E+02 -4.92506380E-01  6.43847628E+00
    469   0.65021340  0.96002833  2.49049343E+02 -4.96336770E-01  6.43729926E+00
    470   0.65119875  0.96031012  2.48720241E+02 -5.00163813E-01  6.43611849E+00
    471   0.65218421  0.96059032  2.48390562E+02 -5.03987419E-01  6.43493391E+00
    472   0.65316976  0.96086893  2.48060281E+02 -5.07807490E-01  6.43374544E+00
    473   0.65415540  0.96114596  2.47729384E+02 -5.11623961E-01  6.43255302E+00
    474   0.65514112  0.96142142  2.47397853E+02 -5.15436751E-01  6.43135658E+00
    475   0.65612689  0.96169531  2.47065673E+02 -5.19245794E-01  6.43015605E+00
    476   0.65711272  0.96196764  2.46732827E+02 -5.23051010E-01  6.42895134E+00
    477   0.65809859  0.96223842  2.46399296E+02 -5.26852321E-01  6.42774238E+00
    478   0.65908448  0.96250765  2.46065066E+02 -5.30649655E-01  6.42652909E+00
    479   0.66007039  0.96277535  2.45730122E+02 -5.34442948E-01  6.42531140E+00
    480   0.66105631  0.96304151  2.45394438E+02 -5.38232088E-01  6.42408921E+00
    481   0.66204221  0.96330615  2.45057993E+02 -5.42016981E-01  6.42286243E+00
    482   0.66302809  0.96356927  2.44720764E+02 -5.45797533E-01  6.42163099E+00
    483   0.66401394  0.96383088  2.44382730E+02 -5.49573648E-01  6.42039478E+00
    484   0.66499974  0.96409098  2.44043869E+02 -5.53345230E-01  6.41915372E+00
    485   0.66598547  0.96434959  2.43704159E+02 -5.57112181E-01  6.41790771E+00
    486   0.66697114  0.96460670  2.43363576E+02 -5.60874397E-01  6.41665664E+00
    487   0.66795671  0.96486233  2.43022095E+02 -5.64631768E-01  6.41540041E+00
    488   0.66894217  0.96511648  2.42679685E+02 -5.68384166E-01  6.41413893E+00
    489   0.66992752  0.96536915  2.42336319E+02 -5.72131472E-01  6.41287207E+00
    490   0.67091273  0.96562036  2.41991970E+02 -5.75873570E-01  6.41159973E+00
    491   0.67189779  0.96587012  2.41646611E+02 -5.79610342E-01  6.41032178E+00
    492   0.67288269  0.96611842  2.41300220E+02 -5.83341684E-01  6.40903811E+00
    493   0.67386741  0.96636527  2.40952766E+02 -5.87067464E-01  6.40774859E+00
    494   0.67485193  0.96661068  2.40604218E+02 -5.90787549E-01  6.40645310E+00
    495   0.67583623  0.96685466  2.40254544E+02 -5.94501800E-01  6.40515149E+00
    496   0.67682031  0.96709721  2.39903714E+02 -5.98210082E-01  6.40384365E+00
    497   0.67780413  0.96733835  2.39551696E+02 -6.01912254E-01  6.40252942E+00
    498   0.67878769  0.96757806  2.39198452E+02 -6.05608155E-01  6.40120865E+00
    499   0.67977097  0.96781637  2.38843954E+02 -6.09297659E-01  6.39988122E+00
    500   0.68075394  0.96805327  2.38488186E+02 -6.12980677E-01  6.39854711E+00
    501   0.68173660  0.96828878  2.38131121E+02 -6.16657103E-01  6.39720628E+00
    502   0.68271891  0.96852290  2.37772734E+02 -6.20326831E-01  6.39585856E+00
    503   0.68370087  0.96875564  2.37412978E+02 -6.23989668E-01  6.39450381E+00
    504   0.68468245  0.96898699  2.37051798E+02 -6.27645379E-01  6.39314184E+00
    505   0.68566363  0.96921698  2.36689122E+02 -6.31293676E-01  6.39177248E+00
    506   0.68664439  0.96944559  2.36324888E+02 -6.34934297E-01  6.39039554E+00
    507   0.68762472  0.96967285  2.35959077E+02 -6.38567131E-01  6.38901081E+00
    508   0.68860457  0.96989876  2.35591593E+02 -6.42191786E-01  6.38761810E+00
    509   0.68958395  0.97012331  2.35222085E+02 -6.45806929E-01  6.38621719E+00
    510   0.69056281  0.97034652  2.34850253E+02 -6.49411409E-01  6.38480786E+00
    511   0.69154113  0.97056840  2.34475844E+02 -6.53004230E-01  6.38338983E+00
    512   0.69251887  0.97078895  2.34098841E+02 -6.56585273E-01  6.38196282E+00
    513   0.69349602  0.97100817  2.33719871E+02 -6.60156812E-01  6.38052655E+00
    514   0.69447253  0.97122607  2.33339051E+02 -6.63719235E-01  6.37908076E+00
    515   0.69544840  0.97144266  2.32956147E+02 -6.67271622E-01  6.37762523E+00
    516   0.69642360  0.97165794  2.32572473E+02 -6.70818829E-01  6.37615962E+00
    517   0.69739811  0.97187191  2.32188067E+02 -6.74360973E-01  6.37468367E+00
    518   0.69837192  0.97208460  2.31804413E+02 -6.77903583E-01  6.37319727E+00
    519   0.69934503  0.97229598  2.31421627E+02 -6.81447100E-01  6.37170027E+00
    520   0.70031741  0.97250609  2.31032897E+02 -6.84965924E-01  6.37019241E+00
    521   0.70128900  0.97271491  2.30639130E+02 -6.88463344E-01  6.36867311E+00
    522   0.70225976  0.97292246  2.30240870E+02 -6.91941302E-01  6.36714181E+00
    523   0.70322963  0.97312874  2.29838968E+02 -6.95402906E-01  6.36559808E+00
    524   0.70419859  0.97333376  2.29435465E+02 -6.98855797E-01  6.36404157E+00
    525   0.70516661  0.97353752  2.29029131E+02 -7.02295265E-01  6.36247186E+00
    526   0.70613366  0.97374002  2.28620246E+02 -7.05722302E-01  6.36088852E+00
    527   0.70709969  0.97394128  2.28208113E+02 -7.09134187E-01  6.35929107E+00
    528   0.70806468  0.97414129  2.27792657E+02 -7.12530551E-01  6.35767894E+00
    529   0.70902857  0.97434007  2.27373748E+02 -7.15910814E-01  6.35605156E+00
    530   0.70999134  0.97453761  2.26951138E+02 -7.19273935E-01  6.35440844E+00
    531   0.71095294  0.97473393  2.26524569E+02 -7.22618834E-01  6.35274908E+00
    532   0.71191331  0.97492902  2.26093928E+02 -7.25944987E-01  6.35107290E+00
    533   0.71287243  0.97512290  2.25659074E+02 -7.29251800E-01  6.34937921E+00
    534   0.71383023  0.97531557  2.25219827E+02 -7.32538476E-01  6.34766712E+00
    535   0.71478667  0.97550703  2.24776003E+02 -7.35804183E-01  6.34593572E+00
    536   0.71574170  0.97569728  2.24327426E+02 -7.39048122E-01  6.34418414E+00
    537   0.71669526  0.97588634  2.23873825E+02 -7.42269114E-01  6.34241168E+00
    538   0.71764729  0.97607421  2.23414931E+02 -7.45465971E-01  6.34061782E+00
    539   0.71859775  0.97626089  2.22950665E+02 -7.48638247E-01  6.33880187E+00
    540   0.71954658  0.97644639  2.22480823E+02 -7.51784993E-01  6.33696275E+00
    541   0.72049370  0.97663071  2.22004923E+02 -7.54904160E-01  6.33509881E+00
    542   0.72143905  0.97681385  2.21522270E+02 -7.57992852E-01  6.33320820E+00
    543   0.72238257  0.97699583  2.21031882E+02 -7.61047010E-01  6.33128967E+00
    544   0.72332416  0.97717664  2.20534347E+02 -7.64068726E-01  6.32934277E+00
    545   0.72426378  0.97735629  2.20032635E+02 -7.67069535E-01  6.32737589E+00
    546   0.72520134  0.97753478  2.19530105E+02 -7.70062385E-01  6.32540334E+00
    547   0.72613687  0.97771211  2.19028707E+02 -7.73055242E-01  6.32343077E+00
    548   0.72707038  0.97788830  2.18528439E+02 -7.76048102E-01  6.32145820E+00
    549   0.72800186  0.97806335  2.18029299E+02 -7.79040961E-01  6.31948561E+00
    550   0.72893131  0.97823726  2.17531285E+02 -7.82033814E-01  6.31751302E+00
    551   0.72985872  0.97841004  2.17034395E+02 -7.85026657E-01  6.31554042E+00
    552   0.73078409  0.97858168  2.16538627E+02 -7.88019485E-01  6.31356780E+00
    553   0.73170742  0.97875221  2.16043980E+02 -7.91012296E-01  6.31159518E+00
    554   0.73262871  0.97892162  2.15550452E+02 -7.94005085E-01  6.30962255E+00
    555   0.73354796  0.97908991  2.15058042E+02 -7.96997849E-01  6.30764991E+00
    556   0.73446515  0.97925709  2.14566747E+02 -7.99990583E-01  6.30567726E+00
    557   0.73538029  0.97942316  2.14076568E+02 -8.02983286E-01  6.30370461E+00
    558   0.73629338  0.97958813  2.13587502E+02 -8.05975954E-01  6.30173194E+00
    559   0.73720441  0.97975201  2.13099554E+02 -8.08968623E-01  6.29975926E+00
    560   0.73811339  0.97991480  2.12612745E+02 -8.11961425E-01  6.29778658E+00
    561   0.73902030  0.98007650  2.12127070E+02 -8.14954361E-01  6.29581388E+00
    562   0.73992515  0.98023711  2.11642525E+02 -8.17947418E-01  6.29384117E+00
    563   0.74082794  0.98039665  2.11159104E+02 -8.20940586E-01  6.29186846E+00
    564   0.74172866  0.98055512  2.10676802E+02 -8.23933853E-01  6.28989573E+00
    565   0.74262731  0.98071251  2.10195615E+02 -8.26927209E-01  6.28792299E+00
    566   0.74352389  0.98086885  2.09715537E+02 -8.29920644E-01  6.28595024E+00
    567   0.74441840  0.98102412  2.09236564E+02 -8.32914148E-01  6.28397748E+00
    568   0.74531084  0.98117834  2.08758691E+02 -8.35907714E-01  6.28200470E+00
    569   0.74620120  0.98133151  2.08281913E+02 -8.38901331E-01  6.28003192E+00
    570   0.74708948  0.98148363  2.07806226E+02 -8.41894993E-01  6.27805912E+00
    571   0.74797568  0.98163472  2.07331626E+02 -8.44888691E-01  6.27608631E+00
    572   0.74885980  0.98178477  2.06858108E+02 -8.47882418E-01  6.27411349E+00
    573   0.74974184  0.98193379  2.06385668E+02 -8.50876167E-01  6.27214066E+00
    574   0.75062180  0.98208178  2.05914301E+02 -8.53869932E-01  6.27016782E+00
    575   0.75149967  0.98222875  2.05444005E+02 -8.56863705E-01  6.26819497E+00
    576   0.75237545  0.98237470  2.04974775E+02 -8.59857483E-01  6.26622210E+00
    577   0.75324915  0.98251965  2.04506607E+02 -8.62851258E-01  6.26424923E+00
    578   0.75412075  0.98266358  2.04039498E+02 -8.65845026E-01  6.26227634E+00
    579   0.75499026  0.98280652  2.03573444E+02 -8.68838782E-01  6.26030344E+00
    580   0.75585768  0.98294845  2.03108442E+02 -8.71832522E-01  6.25833054E+00
    581   0.75672300  0.98308939  2.02644487E+02 -8.74826240E-01  6.25635762E+00
    582   0.75758623  0.98322935  2.02181574E+02 -8.77819917E-01  6.25438470E+00
    583   0.75844737  0.98336832  2.01719695E+02 -8.80813530E-01  6.25241177E+00
    584   0.75930640  0.98350632  2.01258847E+02 -8.83807074E-01  6.25043883E+00
    585   0.76016333  0.98364334  2.00799028E+02 -8.86800549E-01  6.24846588E+00
    586   0.76101817  0.98377939  2.00340235E+02 -8.89793953E-01  6.24649292E+00
    587   0.76187090  0.98391448  1.99882467E+02 -8.92787283E-01  6.24451996E+00
    588   0.76272153  0.98404861  1.99425722E+02 -8.95780545E-01  6.24254699E+00
    589   0.76357005  0.98418178  1.98970027E+02 -8.98773884E-01  6.24057402E+00
    590   0.76441647  0.98431401  1.98515390E+02 -9.01767352E-01  6.23860104E+00
    591   0.76526078  0.98444529  1.98061807E+02 -9.04760939E-01  6.23662806E+00
    592   0.76610299  0.98457563  1.97609274E+02 -9.07754634E-01  6.23465507E+00
    593   0.76694310  0.98470503  1.97157789E+02 -9.10748428E-01  6.23268207E+00
    594   0.76778109  0.98483350  1.96707346E+02 -9.13742312E-01  6.23070907E+00
    595   0.76861698  0.98496105  1.96257943E+02 -9.16736277E-01  6.22873606E+00
    596   0.76945076  0.98508768  1.95809576E+02 -9.19730315E-01  6.22676304E+00
    597   0.77028243  0.98521339  1.95362240E+02 -9.22724418E-01  6.22479002E+00
    598   0.77111200  0.98533819  1.94915933E+02 -9.25718578E-01  6.22281699E+00
    599   0.77193945  0.98546208  1.94470650E+02 -9.28712788E-01  6.22084396E+00
    600   0.77276480  0.98558508  1.94026388E+02 -9.31707041E-01  6.21887092E+00
    601   0.77358803  0.98570717  1.93583143E+02 -9.34701331E-01  6.21689787E+00
    602   0.77440916  0.98582837  1.93140912E+02 -9.37695650E-01  6.21492482E+00
    603   0.77522818  0.98594869  1.92699691E+02 -9.40689992E-01  6.21295176E+00
    604   0.77604508  0.98606812  1.92259476E+02 -9.43684353E-01  6.21097869E+00
    605   0.77685988  0.98618667  1.91820263E+02 -9.46678726E-01  6.20900562E+00
    606   0.77767257  0.98630435  1.91382051E+02 -9.49673107E-01  6.20703254E+00
    607   0.77848314  0.98642116  1.90944834E+02 -9.52667489E-01  6.20505946E+00
    608   0.77929160  0.98653711  1.90508609E+02 -9.55661870E-01  6.20308637E+00
    609   0.78009796  0.98665220  1.90073373E+02 -9.58656244E-01  6.20111328E+00
    610   0.78090220  0.98676644  1.89639122E+02 -9.61650608E-01  6.19914018E+00
    611   0.78170433  0.98687982  1.89205854E+02 -9.64644957E-01  6.19716707E+00
    612   0.78250435  0.98699236  1.88773564E+02 -9.67639288E-01  6.19519396E+00
    613   0.78330226  0.98710406  1.88342251E+02 -9.70633598E-01  6.19322085E+00
    614   0.78409806  0.98721493  1.87911909E+02 -9.73627882E-01  6.19124773E+00
    615   0.78489175  0.98732496  1.87482536E+02 -9.76622146E-01  6.18927460E+00
    616   0.78568333  0.98743417  1.87054133E+02 -9.79616352E-01  6.18730149E+00
    617   0.78647282  0.98754255  1.86626677E+02 -9.82610635E-01  6.18532830E+00
    618   0.78726010  0.98765011  1.86200241E+02 -9.85604470E-01  6.18335538E+00
    619   0.78804568  0.98775691  1.85774535E+02 -9.88599860E-01  6.18138142E+00
    620   0.78882761  0.98786270  1.85350619E+02 -9.91589322E-01  6.17941133E+00
    621   0.78961404  0.98796857  1.84924070E+02 -9.94604086E-01  6.17742454E+00
    622   0.79038332  0.98807163  1.84506636E+02 -9.97561003E-01  6.17547585E+00
    623   0.79102537  0.98815725  1.84158099E+02 -1.00003507E+00  6.17384542E+00
    624   0.79382891  0.98852705  1.82634573E+02 -1.01090550E+00  6.16668236E+00
    625   0.79696613  0.98893299  1.80926631E+02 -1.02320061E+00  6.15858123E+00
    626   0.79995661  0.98931224  1.79295463E+02 -1.03505223E+00  6.15077262E+00
    627   0.80294302  0.98968349  1.77663326E+02 -1.04701952E+00  6.14288768E+00
    628   0.80588841  0.99004235  1.76050326E+02 -1.05895508E+00  6.13502319E+00
    629   0.80880304  0.99039034  1.74450812E+02 -1.07089962E+00  6.12715214E+00
    630   0.81168423  0.99072742  1.72866306E+02 -1.08284387E+00  6.11928192E+00
    631   0.81453281  0.99105394  1.71296168E+02 -1.09479081E+00  6.11141047E+00
    632   0.81734867  0.99137015  1.69740296E+02 -1.10673898E+00  6.10353835E+00
    633   0.82013196  0.99167630  1.68198489E+02 -1.11868816E+00  6.09566540E+00
    634   0.82288279  0.99197266  1.66670613E+02 -1.13063780E+00  6.08779169E+00
    635   0.82560125  0.99225949  1.65156488E+02 -1.14258708E+00  6.07991720E+00
    636   0.82828747  0.99253703  1.63656337E+02 -1.15453694E+00  6.07204191E+00
    637   0.83094158  0.99280554  1.62170143E+02 -1.16648839E+00  6.06416579E+00
    638   0.83356371  0.99306526  1.60697359E+02 -1.17844053E+00  6.05628881E+00
    639   0.83615401  0.99331642  1.59237573E+02 -1.19039262E+00  6.04841098E+00
    640   0.83871263  0.99355927  1.57790507E+02 -1.20234412E+00  6.04053238E+00
    641   0.84123972  0.99379404  1.56356576E+02 -1.21429667E+00  6.03265302E+00
    642   0.84373544  0.99402094  1.54935928E+02 -1.22625074E+00  6.02477289E+00
    643   0.84619997  0.99424022  1.53528180E+02 -1.23820542E+00  6.01689197E+00
    644   0.84863348  0.99445208  1.52132886E+02 -1.25016002E+00  6.00901032E+00
    645   0.85103615  0.99465673  1.50749597E+02 -1.26211361E+00  6.00112801E+00
    646   0.85340816  0.99485440  1.49378369E+02 -1.27406700E+00  5.99324517E+00
    647   0.85574970  0.99504528  1.48019575E+02 -1.28602204E+00  5.98536186E+00
    648   0.85806098  0.99522957  1.46672938E+02 -1.29797778E+00  5.97747811E+00
    649   0.86034219  0.99540748  1.45338186E+02 -1.30993339E+00  5.96959400E+00
    650   0.86259354  0.99557919  1.44015063E+02 -1.32188823E+00  5.96170959E+00
    651   0.86481523  0.99574490  1.42703321E+02 -1.33384178E+00  5.95382497E+00
    652   0.86700748  0.99590479  1.41403239E+02 -1.34579653E+00  5.94594025E+00
    653   0.86917051  0.99605904  1.40114975E+02 -1.35775374E+00  5.93805548E+00
    654   0.87130455  0.99620782  1.38838281E+02 -1.36971225E+00  5.93017073E+00
    655   0.87340984  0.99635130  1.37572925E+02 -1.38167094E+00  5.92228605E+00
    656   0.87548659  0.99648966  1.36318633E+02 -1.39362834E+00  5.91440152E+00
    657   0.87753504  0.99662305  1.35075220E+02 -1.40558385E+00  5.90651723E+00
    658   0.87955541  0.99675163  1.33842663E+02 -1.41753815E+00  5.89863326E+00
    659   0.88154794  0.99687557  1.32621366E+02 -1.42949540E+00  5.89074969E+00
    660   0.88351288  0.99699500  1.31411155E+02 -1.44145482E+00  5.88286656E+00
    661   0.88545049  0.99711008  1.30211821E+02 -1.45341518E+00  5.87498395E+00
    662   0.88736102  0.99722095  1.29023192E+02 -1.46537551E+00  5.86710190E+00
    663   0.88924470  0.99732775  1.27845127E+02 -1.47733498E+00  5.85922050E+00
    664   0.89110179  0.99743062  1.26677510E+02 -1.48929297E+00  5.85133979E+00
    665   0.89293252  0.99752968  1.25520257E+02 -1.50124911E+00  5.84345983E+00
    666   0.89473716  0.99762506  1.24373740E+02 -1.51320709E+00  5.83558066E+00
    667   0.89651596  0.99771689  1.23237898E+02 -1.52516758E+00  5.82770226E+00
    668   0.89826919  0.99780529  1.22112468E+02 -1.53712949E+00  5.81982466E+00
    669   0.89999711  0.99789037  1.20997228E+02 -1.54909194E+00  5.81194789E+00
    670   0.90169998  0.99797226  1.19892000E+02 -1.56105423E+00  5.80407200E+00
    671   0.90337806  0.99805105  1.18796637E+02 -1.57301584E+00  5.79619705E+00
    672   0.90503161  0.99812687  1.17711022E+02 -1.58497640E+00  5.78832311E+00
    673   0.90666087  0.99819980  1.16635062E+02 -1.59693564E+00  5.78045024E+00
    674   0.90826611  0.99826996  1.15568918E+02 -1.60889504E+00  5.77257849E+00
    675   0.90984759  0.99833744  1.14512981E+02 -1.62085805E+00  5.76470787E+00
    676   0.91140560  0.99840233  1.13466806E+02 -1.63282262E+00  5.75683836E+00
    677   0.91294038  0.99846473  1.12429901E+02 -1.64478613E+00  5.74897001E+00
    678   0.91445220  0.99852473  1.11401951E+02 -1.65674730E+00  5.74110292E+00
    679   0.91594131  0.99858241  1.10383168E+02 -1.66870810E+00  5.73323719E+00
    680   0.91740798  0.99863785  1.09373893E+02 -1.68067124E+00  5.72537288E+00
    681   0.91885247  0.99869115  1.08373785E+02 -1.69263515E+00  5.71751001E+00
    682   0.92027504  0.99874236  1.07382550E+02 -1.70459857E+00  5.70964866E+00
    683   0.92167596  0.99879158  1.06399941E+02 -1.71656051E+00  5.70178896E+00
    684   0.92305547  0.99883887  1.05425986E+02 -1.72852185E+00  5.69393101E+00
    685   0.92441384  0.99888431  1.04461252E+02 -1.74048705E+00  5.68607489E+00
    686   0.92575133  0.99892796  1.03505449E+02 -1.75245460E+00  5.67822063E+00
    687   0.92706822  0.99896988  1.02558154E+02 -1.76442186E+00  5.67036831E+00
    688   0.92836474  0.99901015  1.01619061E+02 -1.77638715E+00  5.66251803E+00
    689   0.92964114  0.99904883  1.00687967E+02 -1.78834961E+00  5.65466996E+00
    690   0.93089768  0.99908597  9.97651403E+01 -1.80031187E+00  5.64682423E+00
    691   0.93213462  0.99912163  9.88511299E+01 -1.81227866E+00  5.63898090E+00
    692   0.93335220  0.99915588  9.79455724E+01 -1.82424792E+00  5.63113999E+00
    693   0.93455070  0.99918875  9.70481459E+01 -1.83621785E+00  5.62330160E+00
    694   0.93573035  0.99922031  9.61585867E+01 -1.84818698E+00  5.61546585E+00
    695   0.93689139  0.99925060  9.52766815E+01 -1.86015420E+00  5.60763290E+00
    696   0.93803408  0.99927967  9.44023373E+01 -1.87211926E+00  5.59980293E+00
    697   0.93915865  0.99930757  9.35364790E+01 -1.88408943E+00  5.59197602E+00
    698   0.94026535  0.99933435  9.26789242E+01 -1.89606397E+00  5.58415216E+00
    699   0.94135444  0.99936004  9.18292233E+01 -1.90804033E+00  5.57633139E+00
    700   0.94242616  0.99938469  9.09870139E+01 -1.92001653E+00  5.56851383E+00
    701   0.94348074  0.99940834  9.01520045E+01 -1.93199101E+00  5.56069966E+00
    702   0.94451840  0.99943103  8.93239653E+01 -1.94396261E+00  5.55288908E+00
    703   0.94553937  0.99945279  8.85027204E+01 -1.95593052E+00  5.54508239E+00
    704   0.94654389  0.99947367  8.76886960E+01 -1.96789972E+00  5.53727981E+00
    705   0.94753219  0.99949369  8.68826033E+01 -1.97987745E+00  5.52948149E+00
    706   0.94850451  0.99951289  8.60842390E+01 -1.99186146E+00  5.52168753E+00
    707   0.94946109  0.99953131  8.52934210E+01 -2.00384958E+00  5.51389800E+00
    708   0.95040216  0.99954897  8.45098446E+01 -2.01583856E+00  5.50611297E+00
    709   0.95132793  0.99956590  8.37333657E+01 -2.02782658E+00  5.49833253E+00
    710   0.95223863  0.99958213  8.29639246E+01 -2.03981257E+00  5.49055673E+00
    711   0.95313445  0.99959770  8.22014764E+01 -2.05179565E+00  5.48278559E+00
    712   0.95401562  0.99961262  8.14461026E+01 -2.06377555E+00  5.47501911E+00
    713   0.95488234  0.99962692  8.06995193E+01 -2.07575964E+00  5.46725691E+00
    714   0.95573483  0.99964063  7.99606688E+01 -2.08774755E+00  5.45949857E+00
    715   0.95657330  0.99965377  7.92277303E+01 -2.09973645E+00  5.45174416E+00
    716   0.95739797  0.99966636  7.84992686E+01 -2.11172496E+00  5.44399441E+00
    717   0.95820902  0.99967843  7.77744143E+01 -2.12371396E+00  5.43625055E+00
    718   0.95900668  0.99968999  7.70544355E+01 -2.13571190E+00  5.42851386E+00
    719   0.95979115  0.99970108  7.63402925E+01 -2.14771740E+00  5.42078526E+00
    720   0.96056264  0.99971170  7.56325377E+01 -2.15972791E+00  5.41306525E+00
    721   0.96132135  0.99972187  7.49315195E+01 -2.17174079E+00  5.40535401E+00
    722   0.96206748  0.99973162  7.42373999E+01 -2.18375341E+00  5.39765149E+00
    723   0.96280121  0.99974096  7.35505917E+01 -2.19576948E+00  5.38995752E+00
    724   0.96352275  0.99974991  7.28704169E+01 -2.20779099E+00  5.38227198E+00
    725   0.96423228  0.99975848  7.21956906E+01 -2.21981501E+00  5.37459520E+00
    726   0.96492998  0.99976669  7.15268452E+01 -2.23184498E+00  5.36692762E+00
    727   0.96561605  0.99977455  7.08639476E+01 -2.24388146E+00  5.35926963E+00
    728   0.96629068  0.99978208  7.02063607E+01 -2.25592157E+00  5.35162169E+00
    729   0.96695405  0.99978929  6.95543919E+01 -2.26796671E+00  5.34398430E+00
    730   0.96760632  0.99979620  6.89080682E+01 -2.28001784E+00  5.33635789E+00
    731   0.96824770  0.99980281  6.82666856E+01 -2.29207225E+00  5.32874302E+00
    732   0.96887834  0.99980915  6.76303911E+01 -2.30413168E+00  5.32114030E+00
    733   0.96949842  0.99981522  6.69998899E+01 -2.31620070E+00  5.31355026E+00
    734   0.97010811  0.99982102  6.63744632E+01 -2.32827641E+00  5.30597342E+00
    735   0.97070760  0.99982658  6.57536115E+01 -2.34035720E+00  5.29841047E+00
    736   0.97129704  0.99983191  6.51384249E+01 -2.35244988E+00  5.29086204E+00
    737   0.97187661  0.99983701  6.45286581E+01 -2.36455378E+00  5.28332867E+00
    738   0.97244647  0.99984189  6.39236266E+01 -2.37666596E+00  5.27581097E+00
    739   0.97300678  0.99984656  6.33229593E+01 -2.38878467E+00  5.26830971E+00
    740   0.97355771  0.99985103  6.27276763E+01 -2.40091632E+00  5.26082563E+00
    741   0.97409942  0.99985531  6.21373373E+01 -2.41305873E+00  5.25335937E+00
    742   0.97463206  0.99985941  6.15513735E+01 -2.42520928E+00  5.24591166E+00
    743   0.97515578  0.99986333  6.09696485E+01 -2.43736875E+00  5.23848332E+00
    744   0.97567074  0.99986708  6.03932776E+01 -2.44954584E+00  5.23107513E+00
    745   0.97617710  0.99987068  5.98221302E+01 -2.46173871E+00  5.22368773E+00
    746   0.97667501  0.99987411  5.92558705E+01 -2.47394465E+00  5.21632170E+00
    747   0.97716461  0.99987741  5.86941593E+01 -2.48616184E+00  5.20897764E+00
    748   0.97764605  0.99988055  5.81374848E+01 -2.49839819E+00  5.20165619E+00
    749   0.97811948  0.99988357  5.75860847E+01 -2.51065411E+00  5.19435803E+00
    750   0.97858505  0.99988645  5.70396897E+01 -2.52292515E+00  5.18708374E+00
    751   0.97904288  0.99988921  5.64982720E+01 -2.53520994E+00  5.17983381E+00
    752   0.97949313  0.99989185  5.59616916E+01 -2.54750855E+00  5.17260864E+00
    753   0.97993592  0.99989438  5.54300431E+01 -2.55982774E+00  5.16540878E+00
    754   0.98037139  0.99989680  5.49039681E+01 -2.57216655E+00  5.15823465E+00
    755   0.98079968  0.99989911  5.43837403E+01 -2.58452282E+00  5.15108630E+00
    756   0.98122091  0.99990132  5.38687428E+01 -2.59690060E+00  5.14396384E+00
    757   0.98163521  0.99990344  5.33597666E+01 -2.60930034E+00  5.13686739E+00
    758   0.98204272  0.99990546  5.28576081E+01 -2.62172044E+00  5.12979656E+00
    759   0.98244356  0.99990740  5.23610762E+01 -2.63416085E+00  5.12275100E+00
    760   0.98283785  0.99990925  5.18697419E+01 -2.64661913E+00  5.11573070E+00
    761   0.98322570  0.99991103  5.13849318E+01 -2.65909470E+00  5.10873538E+00
    762   0.98360724  0.99991272  5.09071582E+01 -2.67158699E+00  5.10176415E+00
    763   0.98398257  0.99991435  5.04348184E+01 -2.68409804E+00  5.09481634E+00
    764   0.98435181  0.99991590  4.99688659E+01 -2.69662837E+00  5.08789141E+00
    765   0.98471507  0.99991738  4.95104359E+01 -2.70917746E+00  5.08098825E+00
    766   0.98507245  0.99991880  4.90595099E+01 -2.72174462E+00  5.07410535E+00
    767   0.98542407  0.99992016  4.86148894E+01 -2.73433000E+00  5.06724142E+00
    768   0.98577002  0.99992146  4.81779020E+01 -2.74693299E+00  5.06039508E+00
    769   0.98611040  0.99992270  4.77479907E+01 -2.75955038E+00  5.05356465E+00
    770   0.98644531  0.99992389  4.73242739E+01 -2.77217628E+00  5.04674867E+00
    771   0.98677484  0.99992503  4.69077671E+01 -2.78481057E+00  5.03994551E+00
    772   0.98709908  0.99992611  4.64981893E+01 -2.79745313E+00  5.03315326E+00
    773   0.98741811  0.99992715  4.60953454E+01 -2.81010321E+00  5.02637007E+00
    774   0.98773203  0.99992815  4.56996267E+01 -2.82276022E+00  5.01959397E+00
    775   0.98804091  0.99992910  4.53109454E+01 -2.83542366E+00  5.01282284E+00
    776   0.98834483  0.99993000  4.49288281E+01 -2.84809190E+00  5.00605462E+00
    777   0.98864389  0.99993087  4.45530361E+01 -2.86076353E+00  4.99928738E+00
    778   0.98893814  0.99993170  4.41836068E+01 -2.87343781E+00  4.99251926E+00
    779   0.98922767  0.99993250  4.38198500E+01 -2.88610904E+00  4.98574842E+00
    780   0.98951255  0.99993326  4.34617883E+01 -2.89877173E+00  4.97897309E+00
    781   0.98979284  0.99993399  4.31090298E+01 -2.91142574E+00  4.97219155E+00
    782   0.99006861  0.99993468  4.27613107E+01 -2.92407075E+00  4.96540219E+00
    783   0.99033992  0.99993534  4.24184900E+01 -2.93670677E+00  4.95860356E+00
    784   0.99060684  0.99993598  4.20796927E+01 -2.94933261E+00  4.95179456E+00
    785   0.99086943  0.99993659  4.17448993E+01 -2.96194908E+00  4.94497432E+00
    786   0.99112775  0.99993717  4.14131752E+01 -2.97455435E+00  4.93814229E+00
    787   0.99138186  0.99993772  4.10845733E+01 -2.98714962E+00  4.93129825E+00
    788   0.99163182  0.99993825  4.07581632E+01 -2.99973337E+00  4.92444227E+00
    789   0.99187770  0.99993876  4.04342188E+01 -3.01230307E+00  4.91757461E+00
    790   0.99211954  0.99993924  4.01121036E+01 -3.02485450E+00  4.91069559E+00
    791   0.99235741  0.99993971  3.97916443E+01 -3.03739016E+00  4.90380583E+00
    792   0.99259135  0.99994015  3.94720870E+01 -3.04991070E+00  4.89690630E+00
    793   0.99282142  0.99994058  3.91532813E+01 -3.06241872E+00  4.88999838E+00
    794   0.99304769  0.99994098  3.88346860E+01 -3.07491529E+00  4.88308375E+00
    795   0.99327019  0.99994137  3.85163100E+01 -3.08740343E+00  4.87616437E+00
    796   0.99348900  0.99994174  3.81976954E+01 -3.09988361E+00  4.86924245E+00
    797   0.99370417  0.99994209  3.78790871E+01 -3.11236023E+00  4.86232032E+00
    798   0.99391575  0.99994243  3.75600113E+01 -3.12483234E+00  4.85540047E+00
    799   0.99412381  0.99994275  3.72410037E+01 -3.13730267E+00  4.84848540E+00
    800   0.99432839  0.99994306  3.69213224E+01 -3.14976507E+00  4.84157762E+00
    801   0.99452956  0.99994336  3.66016020E+01 -3.16222882E+00  4.83467977E+00
    802   0.99472736  0.99994364  3.62810894E+01 -3.17469094E+00  4.82779461E+00
    803   0.99492186  0.99994391  3.59605623E+01 -3.18716020E+00  4.82092501E+00
    804   0.99511311  0.99994417  3.56397054E+01 -3.19963660E+00  4.81407378E+00
    805   0.99530116  0.99994442  3.53186041E+01 -3.21212240E+00  4.80724382E+00
    806   0.99548608  0.99994465  3.49980592E+01 -3.22462566E+00  4.80043787E+00
    807   0.99566793  0.99994488  3.46772617E+01 -3.23714152E+00  4.79365864E+00
    808   0.99584675  0.99994509  3.43574878E+01 -3.24968080E+00  4.78690875E+00
    809   0.99602262  0.99994530  3.40384462E+01 -3.26223953E+00  4.78019061E+00
    810   0.99619557  0.99994549  3.37198627E+01 -3.27481384E+00  4.77350668E+00
    811   0.99636568  0.99994568  3.34022275E+01 -3.28740991E+00  4.76685942E+00
    812   0.99653299  0.99994586  3.30856850E+01 -3.30003061E+00  4.76025114E+00
    813   0.99669755  0.99994603  3.27704952E+01 -3.31267859E+00  4.75368409E+00
    814   0.99685943  0.99994620  3.24568724E+01 -3.32535644E+00  4.74716034E+00
    815   0.99701868  0.99994635  3.21452295E+01 -3.33806858E+00  4.74068180E+00
    816   0.99717534  0.99994650  3.18356605E+01 -3.35082100E+00  4.73425027E+00
    817   0.99732949  0.99994665  3.15285484E+01 -3.36360848E+00  4.72786732E+00
    818   0.99748116  0.99994678  3.12244082E+01 -3.37643309E+00  4.72153418E+00
    819   0.99763042  0.99994692  3.09223613E+01 -3.38930126E+00  4.71525224E+00
    820   0.99777731  0.99994704  3.06229572E+01 -3.40220607E+00  4.70902302E+00
    821   0.99792188  0.99994716  3.03268503E+01 -3.41514277E+00  4.70284748E+00
    822   0.99806418  0.99994727  3.00335529E+01 -3.42812014E+00  4.69672647E+00
    823   0.99820426  0.99994738  2.97434919E+01 -3.44114521E+00  4.69066092E+00
    824   0.99834217  0.99994749  2.94568721E+01 -3.45421449E+00  4.68465153E+00
    825   0.99847795  0.99994759  2.91741731E+01 -3.46733326E+00  4.67869865E+00
    826   0.99861165  0.99994768  2.88953792E+01 -3.48050043E+00  4.67280242E+00
    827   0.99874333  0.99994777  2.86209003E+01 -3.49372085E+00  4.66696282E+00
    828   0.99887302  0.99994786  2.83505800E+01 -3.50699060E+00  4.66117966E+00
    829   0.99900076  0.99994794  2.80840121E+01 -3.52030329E+00  4.65545286E+00
    830   0.99912661  0.99994802  2.78211833E+01 -3.53365622E+00  4.64978243E+00
    831   0.99925059  0.99994810  2.75623584E+01 -3.54705527E+00  4.64416817E+00
    832   0.99937275  0.99994817  2.73076929E+01 -3.56049853E+00  4.63860967E+00
    833   0.99949313  0.99994824  2.70572960E+01 -3.57399148E+00  4.63310632E+00
    834   0.99961177  0.99994831  2.68114055E+01 -3.58753262E+00  4.62765732E+00
    835   0.99972870  0.99994837  2.65700037E+01 -3.60112538E+00  4.62226172E+00
    836   0.99984397  0.99994843  2.63332398E+01 -3.61477051E+00  4.61691850E+00
    837   0.99995760  0.99994849  2.61011212E+01 -3.62846628E+00  4.61162647E+00
    838   1.00006964  0.99994854  2.58727388E+01 -3.64220259E+00  4.60638471E+00
    839   1.00018011  0.99994860  2.56480764E+01 -3.65597270E+00  4.60119252E+00
    840   1.00028905  0.99994865  2.54271392E+01 -3.66978145E+00  4.59604909E+00
    841   1.00039649  0.99994869  2.52100612E+01 -3.68363110E+00  4.59095350E+00
    842   1.00050245  0.99994874  2.49970374E+01 -3.69752128E+00  4.58590467E+00
    843   1.00060697  0.99994878  2.47879596E+01 -3.71145698E+00  4.58090141E+00
    844   1.00071008  0.99994883  2.45828849E+01 -3.72543811E+00  4.57594254E+00
    845   1.00081181  0.99994887  2.43818581E+01 -3.73946458E+00  4.57102687E+00
    846   1.00091219  0.99994890  2.41846981E+01 -3.75353977E+00  4.56615316E+00
    847   1.00101123  0.99994894  2.39904804E+01 -3.76764409E+00  4.56132052E+00
    848   1.00110898  0.99994898  2.37990509E+01 -3.78177220E+00  4.55652830E+00
    849   1.00120544  0.99994901  2.36105865E+01 -3.79593127E+00  4.55177577E+00
    850   1.00130064  0.99994904  2.34250967E+01 -3.81012275E+00  4.54706213E+00
    851   1.00139461  0.99994907  2.32426174E+01 -3.82434781E+00  4.54238662E+00
    852   1.00148737  0.99994910  2.30633464E+01 -3.83861266E+00  4.53774840E+00
    853   1.00157895  0.99994913  2.28871742E+01 -3.85291865E+00  4.53314657E+00
    854   1.00166936  0.99994916  2.27139416E+01 -3.86726538E+00  4.52858041E+00
    855   1.00175863  0.99994918  2.25436056E+01 -3.88165266E+00  4.52404931E+00
    856   1.00184678  0.99994921  2.23753969E+01 -3.89606208E+00  4.51955276E+00
    857   1.00193383  0.99994923  2.22091186E+01 -3.91049116E+00  4.51509039E+00
    858   1.00201979  0.99994925  2.20447841E+01 -3.92494189E+00  4.51066208E+00
